837-858:1,6,9,12,13,14,15,16
2959-4174:6,9,12,13,14,15,16,33,34
5849-5940:1,2,3,4,6,7,9,10,11,13,15,19,20,21,22,23,24,25,26,28,30,31,32,35,36
6031-6034:33,34
6057-6061:24,26
6110-6115:24,26
7099-8000:1,9,12,13,14,15,17,18
8143-8145:18
8304-8306:5,17,18
8564-8580:1,9,10,11,13,19,20,21,22,23,24,25,26,28,31,32,35,36
8707-8709:17
8815-8817:1,9,12,13,14,15,24
8856-8858:17
9480-9482:1,9,12,13,14,15,16
11701-11703:17
11867-11869:18
12359-12374:1,9,12,13,14,15,16
12785-12787:17
13799-13825:9,12,13,14,15,16
14936-14938:34
15239-15270:1,6,9,12,13,14,15,16
15960-15963:17
18109-18150:1,2,3,4,6,7,9,12,13,14,15,16,17,19,20,21,22,23,24,25,26,28,29,30,31,32,5,36
18735-18750:1,6,9,12,13,14,15,16
19442-19446:33,34
19559-19590:1,6,9,12,13,14,15,16
21905-21907:9,12,13,14
22049-22051:9,12,13,14
22300-22304:1,6,9,12,13,14,15,16
22559-22561:9,13,14
22896-22898:9,12,13,14
22939-22941:9,13,14
23109-23111:9,12,13,14
23162-23164:9,12,13,14
23189-23191:9,13,14
23277-23279:18
23312-23314:17
23329-23333:18
23343-23346:9,12,13,14
23469-23476:9,13,14,18
23499-23501:18
