1187-1221:1,2,3,4,11,15,16,19,20,21,22,23,24,25,28,29,31,36,35,34,32
3693-3695:34
5378-5380:34
5926-5928:15
6946-6948:34
8177-8211:1,2,3,4,19,21,34,33
10515-10517:34
10637-10743:1,33,34
13879-13881:34
15633-15863:1,9,10,12,13,14,15,16
16788-16995:1,10,12,13,14,15
18054-18134:1,10,12,13,14,15
19276-19500:1,10,12,13,14,15
20681-20865:1,9,10,12,13,14,15
24503-24506:1,9,10,12,13,14,15
26138-26149:1,12
27383-27385:13,14
27877-27958:1,2,3,4,6,7,11,16,19,20,21,22,23,24,25,26,28,30,31,32,33,35,36
27981-27983:34
28451-28453:34
