525-625:20,32,33,34,35,36,37
739-742:10,11,12,13
1408-1440:25,31,32,35,36,37,38
1774-1776:18
1808-1814:18
1957-1975:31,32,35,36,37,38
2179-2182:10,11,12,13
2386-2401:12,14
3619-3622:10,11,12,13
4242-4244:27
4561-4578:1,2,3,4,6,7,9,10,11,12,13,14,15,19,20,21,22,23,24,25,26,28,30,31,35,36,37,38
5059-5062:10,11,12,13
5449-5453:12,13,15,16,17
6423-6427:18
6499-6502:10,11,12,13
6679-6713:18
7939-7942:10,11,12,13
8407-8414:12,13,15,16,17
9132-9134:18
9227-9231:18
9379-9381:10,11,12,13,18
9737-9740:15,16,17
10481-10486:1,18
10562-10567:18,27
10608-10636:31,32,35,36,37,38
10819-10822:10,11,12,13
11911-11913:27
12041-12096:32
12259-12262:10,11,12,13
13699-13702:10,11,12,13
13827-13830:17
14476-14486:14
15139-15142:10,11,12,13
16199-16212:1,2,3,4
16579-16582:10,11,12,13
17380-17382:27
18019-18022:10,11,12,13
19081-19088:1,2,3,4
19349-19830:1,2,3,4,10,11,12,19,20,21,22,23,25,28,31,35,36,37,38
20515-20547:14
20691-20709:32
20872-20874:27
20897-20903:10,11,12,13
21842-21844:18
21878-21893:18
22121-22184:32
22339-22342:10,11,12,13
23159-23180:1,2,3,4,19,21,22,28,31
