1558-1560:33
2818-2820:33
4736-4738:33
5696-5698:33
5876-5878:33
6506-6528:23,25,32,35,36
7907-7928:23,25,32,35,36
7945-7948:9,10,11,13
9340-9386:9,10,11,13,32,33,34
9779-9805:5,33,34
12173-12181:19,20,21,22,28
16136-16231:24,26
16498-16589:1,9,10,11,12,13,15,23,25,32,35,36
17365-17382:1,2,3,4,9,14,15,16,18,24,26
17995-18028:9,10,11,13,15
18575-18650:1,19,20,21,22
20020-20036:1,2,6,7,14,16,18
20340-20352:1,14,16
20891-20912:9,11,10,13,23,25,32,35,36
22907-23295:1,2,3,4,6,7,9,10,11,12,13,14,15,16,17,19,20,21,22,23,24,25,26,28,31,32,35,36
