8553-8555:30,33,34
9622-9705:32
10432-10435:24,26
10620-10637:1,2,3,4,7,24,26,32
10984-10989:24,26
11785-11816:9,20,22,23,24,25,26,28,31,32,35,36
12765-12786:1,2,3,4,6,7,23,24,25,26,31,32,35,36
13622-13629:12,24,26
14068-14072:19,20,21,22,28,31
14520-14531:1,2,3,4,6,7,10,11,19,21,23,24,25,26,31,32,35,36
14787-14789:24,26
14810-14812:24,26
15067-15069:12
16439-16441:24,26
16507-16509:12,13
17947-17949:12,13
19387-19389:12,13
20827-20829:12,13
21001-21003:19,21
21130-21137:24,26
21287-21298:1,2,3,4,6,7,24,26
21407-21435:19,20,21,22,24,26,28,31
22072-22077:19,20,21,22,24,26,28,31
22267-22269:12,13
23559-23561:19,21
