2330-2333:30
6240-6242:18
8460-8462:19,20,21,22
10384-10386:19,20,21,22
10424-10430:23,24,26,32
10976-10986:23,24,26,32
11777-11790:23,24,26,28,32
12666-12668:19,20,21,22
12760-12771:1,2,3,4,6,7,23,24,25,26,31,32,33,34,35,36
13616-13618:23,24,26,32
14061-14066:19,20,21,22,28,31
14511-14521:1,2,3,4,6,7,23,24,25,26,31,32,35,36
14779-14786:23,24,26,32
14803-14808:23,24,26,32
15659-15662:10,11,12,13
15720-15722:10,11,12,13
15780-15782:10,11,12,13
15840-15842:10,11,12,13
15900-15902:10,11,12,13
15960-15962:10,11,12,13
16020-16022:10,11,12,13
16080-16082:10,11,12,13
16140-16142:10,11,12,13
16200-16202:10,11,12,13
16260-16262:10,11,12,13
16320-16322:10,11,12,13
16380-16382:10,11,12,13
16440-16442:10,11,12,13
16500-16502:10,11,12,13
16958-16960:19,20,21,22
17100-17102:10,11,12,13
17160-17162:10,11,12,13
17220-17222:10,11,12,13
17280-17282:10,11,12,13
17340-17342:10,11,12,13
17368-17370:11
17400-17402:10,11,12,13
17460-17462:10,11,12,13
17520-17522:10,11,12,13
17580-17582:10,11,12,13
17655-17652:10,11,12,13
17700-17702:10,11,12,13
17760-17762:10,11,12,13
17820-17822:10,11,12,13
17940-17940:10,11,12,13
18540-18542:10,11,12,13
18600-18602:10,11,12,13
18660-18662:10,11,12,13
18720-18722:10,11,12,13
18780-18782:10,11,12,13
18840-18842:10,11,12,13
18900-18902:10,11,12,13
18960-18962:10,11,12,13
19020-19022:10,11,12,13
19080-19082:10,11,12,13
19140-19142:10,11,12,13
19200-19202:10,11,12,13
19260-19262:10,11,12,13
19320-19322:10,11,12,13
19380-19382:10,11,12,13
20820-20823:10,11,12,13
20982-20984:19,21,22,28
20994-20997:19,21,22,28
21024-21027:11
21125-21133:23,24,26,28,32
21280-21295:1,2,3,4,6,7,32
21405-21428:19,20,21,22,28,31
22067-22071:23,24,26,28,32
22260-22263:6,10,11,12,13
23099-23298:10,11,12,13
23160-23162:10,11,12,13
23220-23222:10,11,12,13
23270-23272:9,15
23295-23297:10,11,12,13
23550-23552:19
