1170-1205:1,2,3,4,7,11,19,20,21,22,23,24,25,26,28,30,31,32,35,36
3705-3707:34
5390-5392:34
6958-6960:34
7262-7605:1,10,12,13
8188-8235:1,2,3,4,7,19,20,21,22,23,25,28,30,31,32,34,35
10142-10485:1,10,12,13
10528-10536:34
11579-11921:1,10,12,13
13890-13995:10,12,13,14,34
15607-15859:1,10,12,13
16740-17014:1,9,13,14
17878-18152:1,9,10,13
19202-19540:1,10,12,13
20619-20888:1,10,12,13
24522-24858:1,13,15
25959-26296:1,13,15
27583-27591:1
27664-27667:1
27883-27980:1,2,6,7,11,16,19,20,21,22,23,24,25,26,28,30,31,32,33,35,36
27999-28001:34
28468-28470:34
