710-1081:1,9,10
2100-2125:10,12,13,15
2165-2167:9,13,14
2725-2728:9,10,13,14
3068-3071:7,9,13,14
3594-3598:7,9,13,14,15
4589-4599:6,7,11,16
7100-7104:6,7,11,16
7474-7477:6,7,11,16
8317-8320:9,15
8657-8660:10,11,13,16
8912-8916:10,11,15
9075-9078:9,14
12800-12816:9,14
12840-12842:9,14
14938-14940:34
15640-15756:1,2,3,4,6,7,11,14,16
17117-17121:6,7,11,16
17168-17172:14,15
18600-18960:1,2,3,4,6,7,11,16,19,20,21,22,23,24,25,26,28,30,31,32
18986-18988:9,14
18996-18998:9,14
19579-19583:1,2,3,4,6,7,11,19,20,21,22,23,24,25,26,28,30,31,32,35,36
22899-22902:9,14
